# oST version 5.0 parameters


[image]

width
1280

height
720

[narrow_stereo]

camera matrix
913.835417 0.000000 633.408955
0.000000 913.389197 356.335018
0.000000 0.000000 1.000000

distortion
0.061235 -0.097645 0.002695 0.001819 0.000000

rectification
1.000000 0.000000 0.000000
0.000000 1.000000 0.000000
0.000000 0.000000 1.000000

projection
919.527466 0.000000 635.194950 0.000000
0.000000 922.178101 357.354776 0.000000
0.000000 0.000000 1.000000 0.000000
