# oST version 5.0 parameters


[image]

width
1280

height
720

[arducam_ov9281_usb_camera:_ardu]

camera matrix
899.722374 0.000000 651.280572
0.000000 898.547063 352.613119
0.000000 0.000000 1.000000

distortion
0.047448 -0.071507 0.000014 0.002481 0.000000

rectification
1.000000 0.000000 0.000000
0.000000 1.000000 0.000000
0.000000 0.000000 1.000000

projection
903.990356 0.000000 654.478814 0.000000
0.000000 906.121460 352.102562 0.000000
0.000000 0.000000 1.000000 0.000000
